1
308
54
20 10 8 10 9 18 20 6 12 11 14 17 10 16 1 8 13 17 4 18 5 13 19 9 20 20 6 19 9 8 4 18 16 14 4 11 1 5 11 3 8 15 7 2 9 18 20 12 13 2 3 5 20 11
42
17 9 9 6 11 13 2 18 14 12 10 2 16 2 1 13 5 16 15 20 5 18 6 7 13 5 4 18 6 16 3 19 18 8 16 7 15 7 7 20 1 11
99
3 4 4 5 5 4 1 1 2 5 4 4 3 1 1 5 3 3 4 3 3 5 2 5 1 4 4 5 4 4 5 2 1 2 1 4 1 3 1 5 3 3 2 5 3 3 1 1 2 4 1 2 4 2 1 3 3 3 4 2 3 2 2 4 3 5 2 4 1 3 3 2 5 5 1 5 2 1 4 3 5 2 2 2 4 2 4 1 3 4 2 5 1 1 2 4 4 5 4
98
2 3 4 1 4 4 1 3 2 3 5 4 5 1 3 1 2 1 3 2 5 3 5 3 2 4 5 1 5 2 5 1 1 2 1 5 4 1 1 3 3 5 5 3 1 5 2 3 1 3 4 2 3 2 3 4 5 2 5 2 2 5 4 5 4 2 3 2 1 2 3 4 1 5 2 4 5 3 4 3 4 5 3 4 2 1 4 4 5 1 4 4 5 1 5 5 3 2
100
1 1 1 1 1 1 1 1 1 1 1 1 1 1 1 1 1 1 1 1 1 1 1 1 1 1 1 1 1 1 1 1 1 1 1 1 1 1 1 1 1 1 1 1 1 1 1 1 1 1 1 1 1 1 1 1 1 1 1 1 1 1 1 1 1 1 1 1 1 1 1 1 1 1 1 1 1 1 1 1 1 1 1 1 1 1 1 1 1 1 1 1 1 1 1 1 1 1 1 1
91
2 4 1 4 1 5 2 5 5 1 2 2 4 2 2 4 2 4 5 2 4 5 1 3 3 2 2 2 1 1 4 2 1 3 5 2 3 2 4 5 1 1 2 5 3 3 4 2 4 2 1 1 1 4 3 1 3 4 1 4 1 4 4 1 1 3 3 5 4 1 1 3 2 1 2 5 1 3 2 4 1 2 4 5 1 4 2 3 2 5 4
9
71 23 37 22 140 116 22 94 50
51
20 17 3 14 9 4 4 18 17 13 20 17 5 5 1 13 5 20 7 19 17 16 2 10 15 14 14 10 5 7 18 12 5 10 14 17 4 1 11 18 6 15 1 10 16 20 7 17 1 7 14
98
1 4 5 5 2 3 3 2 4 2 4 3 3 3 5 5 3 5 2 5 4 2 5 4 5 5 1 4 3 3 3 2 3 1 2 4 5 4 2 2 5 3 4 4 5 2 1 1 2 5 1 5 1 5 3 3 3 4 3 2 5 4 2 1 5 4 2 3 5 2 5 2 1 1 3 4 1 2 4 2 3 3 5 4 5 4 2 2 4 4 4 1 2 1 1 2 3 4
54
17 13 13 12 4 7 10 14 16 1 14 11 15 6 7 18 19 5 19 4 15 11 6 8 6 20 17 16 12 4 2 4 17 16 17 2 2 20 9 14 6 1 5 12 6 18 5 10 19 19 19 18 11 20
100
5 1 5 1 1 3 2 2 1 5 4 4 4 4 4 2 4 2 3 5 5 4 2 5 2 4 3 1 5 4 4 2 3 5 4 2 3 5 2 5 3 4 1 3 1 5 5 2 2 1 5 5 2 1 2 2 2 3 1 2 3 3 5 1 5 1 2 2 3 5 4 3 4 2 1 2 3 4 1 5 4 3 1 4 1 4 1 3 3 1 2 4 2 1 5 1 5 2 3 5
16
3 191 8 166 9 176 5 198 2 213 8 156 1 166 2 216
10
44 106 90 32 54 51 73 40 79 8
92
5 2 1 1 2 4 5 5 4 1 5 1 5 1 4 4 5 4 4 3 5 2 2 2 2 2 4 1 1 5 3 5 1 2 4 4 2 4 1 1 2 1 4 4 2 1 3 4 1 5 2 2 1 1 2 1 4 4 5 3 1 4 1 4 5 5 2 5 3 5 2 4 5 3 3 4 2 5 1 1 3 4 2 5 4 5 5 2 4 1 2 3
38
3 338 2 339 1 344 1 306 5 379 6 377 3 292 6 314 2 361 3 314 4 349 5 302 6 338 2 349 4 362 4 328 6 304 5 374 4 364
38
5 344 4 284 4 317 1 346 1 325 6 305 5 326 1 339 6 358 1 298 2 306 5 326 5 374 5 303 2 355 4 291 2 287 6 347 5 341
60
12 16 6 2 10 14 18 6 19 6 17 12 9 12 16 5 9 5 20 8 7 12 15 17 10 5 14 6 7 19 8 2 18 18 15 7 19 2 11 1 8 10 16 16 3 18 4 3 16 3 7 3 16 18 3 10 12 16 1 2
38
6 363 3 332 4 343 5 316 5 324 3 301 4 314 5 289 5 364 1 300 5 297 3 335 3 323 3 355 5 282 6 351 1 355 5 310 5 359
48
20 13 13 2 14 11 7 2 11 18 14 16 7 12 1 14 16 9 7 1 8 1 15 3 10 2 18 10 20 1 16 1 19 11 12 17 12 16 7 7 4 17 18 8 5 20 8 20
36
3 310 6 299 1 323 6 364 2 323 3 326 3 360 1 316 4 288 2 371 3 324 2 344 2 342 5 284 5 375 6 287 3 377 1 376
36
1 326 6 359 5 281 5 314 5 281 5 313 1 314 4 335 3 370 3 341 2 288 5 364 5 319 1 335 4 331 3 329 6 337 4 357
1
6
98
4 4 5 4 4 4 1 1 3 1 5 3 5 5 4 2 4 4 3 4 1 4 5 3 5 1 2 3 5 5 1 3 2 3 4 5 3 1 3 3 3 2 3 5 1 5 1 1 1 4 4 2 5 4 5 4 4 3 3 5 2 2 5 3 5 3 4 5 2 5 3 3 4 4 1 5 3 5 5 1 4 3 2 2 1 4 1 3 1 2 2 1 2 3 5 5 3 2
10
148 88 132 145 38 44 9 66 134 139
56
16 1 7 4 9 3 9 3 12 14 15 19 15 8 11 2 16 11 6 13 15 7 11 2 2 1 9 11 8 19 13 5 8 4 18 4 14 8 10 1 7 11 8 10 8 11 2 7 17 16 18 10 7 2 16 2
60
16 16 1 6 15 9 15 15 20 1 13 12 13 5 7 12 3 14 9 19 4 16 5 3 10 8 18 2 11 20 4 5 13 1 2 9 20 5 8 20 19 15 15 19 9 17 15 9 10 13 18 14 8 15 15 20 3 10 18 20
16
5 218 4 219 3 195 5 212 5 187 5 190 8 169 8 178
18
2 185 2 196 2 205 4 208 3 161 9 203 8 185 2 164 8 197
9
3 141 138 150 82 122 21 149 122
10
44 32 56 132 60 116 1 127 110 34
8
69 7 38 28 122 20 52 129
42
13 3 12 7 7 3 4 11 10 11 13 12 8 18 4 4 2 10 9 16 10 12 6 2 16 14 3 14 8 18 2 18 8 5 20 7 16 5 9 7 9 10
10
61 121 5 94 81 91 147 35 43 88
9
117 62 82 37 86 89 16 126 24
5
100 50 200 120 60
6
2 3 5 7 11 13
49
2 2 3 13 6 15 9 1 13 11 18 9 15 5 4 16 20 8 17 15 20 13 10 10 9 3 2 6 1 17 18 11 12 7 17 14 13 6 19 17 19 13 16 10 16 1 20 19 1
20
1 168 1 182 10 167 7 155 8 210 8 195 6 214 10 206 6 177 10 160
96
5 3 2 4 5 5 2 1 5 2 3 3 1 3 1 2 4 4 5 2 5 3 2 4 5 5 1 5 5 5 1 4 2 5 5 3 4 1 2 2 5 1 4 3 2 5 3 5 3 3 4 2 3 3 3 1 5 5 5 3 1 2 5 5 4 4 2 3 3 2 5 1 5 5 4 4 3 5 2 5 4 2 5 1 1 5 2 5 5 4 3 4 4 5 4 1
4
120 240 180 1
16
2 227 1 200 2 168 8 183 1 212 3 175 1 226 2 179
2
500 1000
8
147 146 26 126 122 105 27 61
93
3 2 4 2 5 4 5 4 3 3 3 3 5 4 3 2 4 4 2 2 4 1 1 3 1 4 5 3 3 4 2 1 1 4 3 2 1 5 4 1 2 3 5 2 2 2 3 4 2 3 5 1 5 4 4 4 2 2 5 3 3 2 4 2 1 2 2 4 2 1 4 3 2 5 4 1 1 3 4 1 2 3 2 1 4 3 1 4 5 2 1 3 3
97
3 1 3 2 3 1 5 4 4 4 1 5 5 5 5 1 2 3 5 4 3 2 1 4 2 1 1 3 5 3 2 4 3 3 1 3 2 3 3 2 3 4 4 3 1 3 4 1 1 1 3 1 4 4 4 4 5 3 1 2 1 5 4 5 2 5 1 4 3 1 5 3 2 1 5 5 5 2 2 2 2 3 3 4 1 1 2 5 3 1 3 1 4 3 3 5 1
8
118 81 2 6 86 135 59 103
0
