99
0 1
1 0
2 1
2 -1
-3 2
-1 -3
0 0
1000 1000
1000 -1000
-1000 -1000
-1000 1000
-1000 0
1000 0
0 1000
0 -1000
-262 -756
392 409
-922 -817
-998 385
-56 668
-622 -133
-913 -50
311 867
294 562
-418 -45
751 276
-743 -629
727 -15
74 -623
611 277
975 -286
526 -363
162 407
-155 -779
-35 170
912 -6
-194 104
729 -800
143 -502
-278 -448
-125 -570
862 657
-593 -27
221 -471
-509 856
346 365
-11 -197
-705 864
677 -248
-37 -78
441 540
302 214
-568 -38
314 141
-391 -522
-313 -193
249 542
95 229
593 101
-316 -521
43 565
337 876
704 806
-55 936
-637 -38
916 880
-401 883
230 -667
924 147
-384 822
-134 -296
-783 -873
-862 552
949 583
-23 650
184 -662
-272 -811
691 988
-622 -543
214 304
569 300
-488 -640
831 -92
618 650
156 -132
758 -954
-753 -867
6 314
-235 34
801 569
624 820
722 336
849 19
-351 -872
-389 277
746 -342
754 -965
220 171
-121 730
