50
2 11 49 50 6 24 42 14 43 9 27 6 21 33 33 46 48 14 1 1 34 9 2 18 22 42 27 39 6 6 15 7 40 47 36 32 24 40 13 15 11 43 2 18 1 42 28 12 44 23
40
2 34 33 12 35 39 10 1 13 28 26 36 7 26 23 37 20 31 23 28 40 5 31 2 20 6 14 36 35 9 2 1 20 24 9 27 6 39 17 39
3
3 3 1
32
20 17 2 19 20 10 7 19 8 2 15 18 30 16 23 13 11 29 27 26 13 31 10 24 5 14 4 5 10 19 6 20
38
5 25 13 29 3 25 19 19 27 3 10 3 12 22 20 27 35 9 16 11 20 35 31 27 35 17 26 11 5 2 6 31 15 8 8 37 32 20
32
11 18 16 2 27 10 9 11 3 13 22 11 27 20 19 2 16 26 5 29 25 2 14 9 21 21 19 18 3 23 12 11
22
7 22 15 16 9 17 16 4 8 4 11 14 20 16 21 17 5 15 22 12 7 7
3
2 1 1
3
3 2 1
14
13 9 5 8 1 11 3 11 11 3 14 13 1 8
3
2 3 1
48
27 31 43 18 34 40 25 34 5 7 18 10 29 10 10 24 42 41 6 31 20 34 20 13 3 33 42 8 41 6 11 27 8 18 43 13 3 9 23 16 37 11 48 36 15 41 31 34
20
6 8 17 7 8 10 5 16 16 14 16 17 1 8 6 1 6 19 11 8
50
21 10 47 3 18 38 48 47 46 32 39 36 4 16 38 34 13 29 12 46 44 28 8 4 1 24 43 48 30 24 10 9 6 40 38 3 4 37 48 39 26 16 19 42 16 38 36 25 43 41
10
4 6 5 5 10 7 3 10 4 3
2
2 1
49
31 49 38 15 35 24 45 32 33 8 12 11 30 7 22 39 36 3 4 8 28 22 44 18 23 33 37 23 44 46 3 48 14 4 7 41 19 15 18 4 44 14 38 8 20 36 21 22 27
26
26 4 1 10 3 17 7 7 11 19 11 5 26 26 18 4 3 14 12 7 11 18 26 7 10 7
3
3 1 2
3
2 1 3
49
35 26 28 37 23 42 22 49 46 10 28 39 31 1 17 3 33 38 13 21 37 16 32 21 24 38 12 22 32 13 25 34 1 16 27 20 47 48 19 30 35 6 32 32 44 31 21 39 25
20
3 5 12 7 12 17 2 3 18 20 15 15 18 9 20 13 10 19 10 7
3
3 2 2
38
24 17 11 20 6 29 21 12 27 24 14 6 21 2 25 11 17 25 29 13 29 11 16 15 4 2 31 19 14 21 34 16 33 11 24 13 16 33
3
3 2 3
14
7 4 5 4 13 8 5 11 7 10 10 7 8 11
49
6 29 21 19 17 5 11 43 13 21 21 22 18 9 42 6 31 34 6 2 21 34 44 27 38 5 13 32 47 12 15 49 42 7 22 5 14 22 29 9 42 27 2 22 11 28 41 24 8
50
1 4 21 17 33 37 40 8 22 12 30 18 15 21 3 22 11 38 11 13 21 7 17 49 24 24 24 42 15 38 14 48 26 43 6 9 13 11 3 45 35 11 41 44 39 45 16 48 13 1
40
1 18 4 39 7 11 9 40 35 5 40 38 37 20 16 32 27 25 29 34 34 25 29 17 3 14 1 35 37 27 1 40 24 39 34 21 17 34 31 39
38
30 37 38 24 1 38 36 34 25 34 21 22 31 8 24 11 19 33 37 26 17 1 34 28 18 6 18 31 20 37 23 34 33 30 19 27 7 22
30
17 30 5 2 26 26 22 16 15 17 21 22 20 30 21 2 9 3 4 19 28 23 1 25 27 26 16 27 3 5
3
3 3 2
3
1 2 1
20
17 6 12 19 5 1 13 5 4 17 15 10 11 14 4 9 16 14 18 19
49
39 13 46 41 48 21 16 20 12 27 34 40 25 42 30 28 24 9 1 9 47 22 12 21 19 6 9 19 42 1 27 37 33 24 46 44 15 36 41 42 45 40 45 22 32 42 3 19 21
3
1 1 3
12
3 1 8 4 11 7 3 10 6 9 10 1
24
5 17 16 14 8 21 18 3 9 22 23 15 2 8 6 17 6 19 2 5 17 23 3 19
30
24 25 17 7 17 17 17 15 12 12 6 17 13 17 28 17 17 17 19 12 17 17 2 17 29 17 19 30 21 17
28
7 21 2 21 16 7 8 17 17 14 1 16 4 25 10 22 1 6 23 6 28 9 12 2 10 7 10 12
46
36 2 6 23 5 15 28 26 30 28 15 31 26 41 14 27 36 9 20 46 11 19 24 27 27 28 17 15 8 9 34 46 32 19 11 11 18 22 42 10 37 44 23 18 42 30
22
21 1 16 19 11 4 7 14 11 12 2 18 9 10 14 5 22 21 10 19 15 16
50
25 35 3 18 3 5 36 4 50 45 35 21 36 1 4 23 20 23 9 28 15 9 29 23 19 38 49 19 18 11 16 41 11 37 32 25 31 46 14 28 25 9 49 11 10 48 35 42 13 46
3
3 1 1
42
6 14 40 4 25 5 2 11 22 1 22 33 28 9 39 26 19 12 18 37 6 40 38 28 28 42 6 1 19 40 22 30 30 38 34 12 37 21 33 25 31 11
2
1 2
44
24 23 37 16 9 37 28 10 32 34 27 43 13 37 15 1 4 19 8 17 26 5 19 16 24 10 2 1 18 38 2 30 3 27 40 21 28 26 31 31 12 13 44 32
30
3 10 18 9 30 25 17 29 13 9 18 27 2 3 4 25 21 9 18 14 6 26 24 5 21 6 18 19 12 13
3
2 3 3
49
27 22 39 35 17 30 20 18 4 31 20 6 19 29 14 45 44 10 5 18 8 43 35 38 44 19 8 47 42 21 25 29 28 24 12 4 9 44 39 23 37 38 36 1 36 23 1 44 9
20
6 18 7 15 3 6 3 1 19 4 8 9 11 2 1 4 11 14 2 6
3
1 1 2
3
1 3 1
50
5 26 28 49 36 24 47 48 5 42 29 20 30 42 3 36 13 8 48 8 48 9 18 48 11 14 47 17 7 7 22 29 50 46 42 44 45 21 10 19 8 30 16 34 44 44 24 40 47 28
3
1 1 1
50
18 22 29 49 49 14 26 39 9 24 9 6 12 15 5 15 37 17 17 19 6 15 5 44 18 29 15 7 22 44 6 38 10 16 37 27 1 33 1 35 24 43 19 39 5 44 21 47 24 46
3
3 3 3
50
33 36 38 5 18 26 17 16 50 38 42 38 30 32 19 15 12 5 9 27 17 5 16 30 10 22 39 32 19 47 29 28 22 49 43 6 46 4 33 12 7 29 4 40 40 18 42 11 39 16
22
9 14 15 1 14 13 1 19 20 14 13 1 1 5 22 19 17 2 17 5 1 9
10
6 5 5 10 9 5 9 10 6 9
6
5 2 5 4 2 2
49
16 16 20 16 40 8 39 36 2 47 39 13 28 9 15 40 39 29 4 25 30 9 47 3 31 45 42 14 20 33 33 21 22 22 45 12 12 49 26 23 48 32 41 43 40 44 36 16 16
48
9 23 30 18 6 4 34 43 29 3 24 38 5 13 38 47 11 43 33 40 17 37 7 31 1 15 9 37 2 10 29 11 31 40 23 23 32 27 19 30 17 13 14 26 10 11 40 6
40
22 13 33 1 19 15 27 32 13 36 6 11 30 30 7 6 35 35 2 5 19 16 35 9 10 21 14 27 6 15 21 1 20 40 15 24 19 13 22 36
20
10 11 10 13 5 9 9 12 7 2 1 14 20 4 2 15 2 9 3 11
3
2 2 2
49
49 22 34 44 43 2 21 28 17 7 2 43 7 18 10 27 39 49 32 34 47 15 32 6 33 30 43 44 31 16 33 28 44 44 37 10 38 1 8 46 24 17 5 43 29 11 8 45 28
6
6 4 6 5 5 4
2
2 2
16
16 6 10 2 7 4 9 16 11 3 10 8 5 9 6 4
14
12 13 10 13 4 14 1 10 3 9 12 1 11 3
36
1 9 28 34 1 25 28 36 36 35 28 20 5 31 7 36 18 22 3 36 5 2 1 12 20 8 14 8 5 32 28 10 1 25 12 28
1
1
4
2 2 2 4
3
2 3 2
3
2 1 2
2
1 1
18
3 15 16 16 1 13 2 8 17 13 13 12 10 9 11 3 12 11
50
41 39 48 23 31 44 48 23 26 7 18 39 5 19 21 14 17 45 17 4 26 31 27 43 25 16 34 10 17 33 44 44 40 5 34 2 6 7 46 24 19 37 47 3 5 12 16 8 28 20
30
12 20 28 13 3 8 28 25 16 22 5 15 23 12 1 20 1 20 16 28 22 4 12 16 29 12 6 26 16 20
49
5 2 12 19 36 47 9 29 43 30 14 25 45 39 10 35 17 17 22 44 15 22 44 23 14 44 16 39 33 29 8 40 5 35 7 10 37 46 26 31 31 18 21 13 1 35 41 21 47
3
3 1 3
49
42 34 24 4 38 4 10 21 5 7 9 48 35 6 9 27 8 44 32 25 38 10 26 36 12 33 37 38 27 22 8 24 28 47 27 36 36 6 14 24 17 33 4 25 6 33 18 24 11
44
33 43 16 7 15 34 2 17 23 38 16 19 6 24 35 20 27 37 41 29 30 33 16 38 20 24 6 23 8 42 37 44 14 18 6 6 19 14 2 9 11 20 38 33
3
1 2 2
20
12 8 10 18 1 7 13 5 7 8 10 14 8 4 9 13 13 16 5 13
3
1 3 2
44
32 12 41 40 24 26 28 16 42 32 18 26 3 20 2 11 44 29 9 19 14 25 32 9 24 6 25 29 23 12 27 38 39 31 8 21 24 34 16 20 17 11 4 14
50
29 27 24 17 46 16 32 20 16 16 45 3 38 11 17 7 13 2 25 5 6 18 39 39 36 40 16 50 45 19 16 22 32 3 7 18 14 7 15 27 46 30 42 20 45 6 38 2 12 38
3
1 3 3
3
2 2 3
49
15 28 8 43 6 10 9 24 8 47 13 25 44 32 8 31 24 28 23 42 2 44 36 37 3 25 11 26 27 38 26 24 17 33 39 15 32 42 6 28 25 36 3 40 21 20 16 11 37
49
33 41 34 16 4 28 44 36 31 41 24 30 22 20 34 18 17 45 14 35 33 19 5 6 26 26 49 42 1 12 35 10 45 13 22 21 11 20 30 18 8 20 7 14 29 21 20 41 38
3
2 2 1
38
6 14 19 29 34 1 34 16 17 37 33 25 11 13 20 29 37 12 21 3 10 25 6 4 35 27 28 36 1 10 13 37 37 13 2 38 10 16
50
37 40 10 32 30 25 28 11 28 41 45 44 28 15 38 8 8 39 30 12 26 25 13 50 47 29 13 27 38 18 29 50 37 16 22 40 28 36 39 16 11 45 41 8 14 23 30 5 22 26
26
13 21 15 18 15 25 22 8 23 12 1 6 16 10 14 13 13 12 16 14 6 2 25 14 13 4
3
1 2 3
50
14 39 44 30 44 26 30 3 31 7 21 50 3 25 9 3 34 32 36 21 28 17 47 44 1 4 10 49 36 34 11 24 29 23 18 20 41 4 45 7 16 44 18 3 20 25 31 2 32 24
28
28 24 3 20 18 9 17 2 27 5 15 7 3 20 19 10 8 28 14 13 19 28 14 5 26 7 24 20
0
